340
27
0
7
2
123
138
4
2
69
35
1546
0
7011
0
8088
18
1
3
0
490
1436
20
1
0
0
11
14
27
30
69
10973
1
1
4599
30
12
4
0
1
444
15
6339
0
1
16
0
43
3
120
3
8
34
12
14
1
71
6
1123
1035
3
214
0
12
36
0
409
155
3
149
2983
45
7
0
18
128
9
0
26
54
0
72
0
314
716
640
0
5
0
181
0
0
33
14
150
116
1930
18
123
2
309
7
0
5029
0
0
1
0
390
7
0
4
42
0
64
5361
94
1
36
3
0
0
39
312
0
9
52
16
1583
150
2
19388
2
29
3
122
1
465
2
38
7
132
1
0
0
54
0
587
0
825
5
1
52
0
417
10
0
1
7694
0
1225
5
44
1
557
49
1
0
959
3
2887
0
0
7
1
0
2
4
0
12
3
2
1
122
3
43
4
2
0
0
68
1616
32
0
61
3
1
73
86
3
286
35
4
15976
1
12
98
626
0
3
1514
67
45
0
139
2
212
0
1
1
2852
30
0
1
0
64
13
105
33
8
4
11
576
1
528
3
125
300
8
4
0
28
45
6
44
983
0
11
0
63
60
9
1
465
3
5
150
10
392
174
0
65
4
114
0
33
17
591
5
142
580
11
0
60
0
52
1
3
21
0
183
7708
64
271
78
2
125
0
1
232
37
1
0
2
3
62
222
11
10
6
0
98
1
0
11
0
3695
0
17
1
334
3
77
2
3978
82
0
8
4
0
31427
996
26
0
27
370
0
277
0
4
5
6
112
1004
0
144
4
31
355
1
312
8
64
19
4
7
4
3
0
120
36
82
2136
0
12
0
48
23
0
131
2
138
1
38
3
0
72
2
0
0
1314
1034
4
281
1
105
141
1
10
7
322
50
1
1
8
13
4
19
785
0
11
11
54
0
242
115
0
72
13
0
0
2
6
42
1
346
3038
9
2
5
8610
633
373
2
3
5
0
3444
15
31
12
59
0
18
367
3
193
10
79
110
12
1
0
0
0
0
833
65
49
877
117
6
241
5
9
2
4
47
10
85
20
3
7
17
0
0
1
0
0
206
123
0
0
0
247
1215
11
3
224
5
2
1
277
0
157
11
0
180
2
0
4139
6386
10
59
4
326
0
0
2
925
506
2
8
4
2
1
43
28
40
3
42
17112
13
0

